              precision    recall  f1-score   support

           1       0.64      0.71      0.67        80
           2       0.73      0.89      0.80       238
           3       0.44      0.42      0.43       135
           4       0.70      0.90      0.79        48
           5       0.46      0.55      0.50        95
           6       0.58      0.68      0.63       105
           7       0.57      0.55      0.56       116
           8       0.49      0.67      0.56       121
           9       0.68      0.81      0.74        93
          10       0.55      0.55      0.55        83
          11       0.54      0.67      0.60        79
          12       0.71      0.74      0.73        66
          13       0.39      0.24      0.30        62
          14       0.56      0.86      0.68       130
          15       0.69      0.70      0.70       139
          16       0.42      0.40      0.41        82
          17       0.59      0.73      0.65       131
          18       0.82      0.60      0.69       109
          19       0.62      0.56      0.59        59
          20       0.73      0.65      0.69        74
          21       0.76      0.77      0.76       126
          22       0.50      0.58      0.54        59
          23       0.75      0.80      0.77       203
          24       0.70      0.64      0.67       101
          25       0.84      0.54      0.66        90
          26       0.48      0.43      0.45        47
          27       0.68      0.44      0.53       134
          28       0.68      0.57      0.62       138
          29       0.67      0.62      0.65        97
          30       0.64      0.42      0.51        38
          31       0.73      0.57      0.64        81
          32       0.80      0.76      0.78        62
          33       0.85      0.60      0.70       144
          34       0.88      0.92      0.90       122
          35       0.65      0.71      0.68       213
          36       0.75      0.56      0.64       101
          37       0.65      0.60      0.63        88
          38       0.72      0.61      0.66       162
          39       0.59      0.56      0.58        78
          40       0.55      0.46      0.50        65
          41       0.89      0.82      0.85        38

    accuracy                           0.65      4232
   macro avg       0.65      0.63      0.63      4232
weighted avg       0.66      0.65      0.65      4232
