              precision    recall  f1-score   support

           1       0.73      0.68      0.70        93
           2       0.66      0.84      0.74       230
           3       0.51      0.47      0.49       144
           4       0.67      0.75      0.71        52
           5       0.40      0.57      0.47        77
           6       0.63      0.68      0.65       116
           7       0.65      0.60      0.62       117
           8       0.50      0.71      0.59       106
           9       0.79      0.80      0.80       106
          10       0.79      0.58      0.67        90
          11       0.67      0.73      0.70        90
          12       0.68      0.87      0.76        70
          13       0.41      0.41      0.41        58
          14       0.56      0.85      0.68       117
          15       0.62      0.71      0.66       141
          16       0.52      0.55      0.54        69
          17       0.62      0.64      0.63       128
          18       0.70      0.69      0.69        87
          19       0.63      0.61      0.62        59
          20       0.62      0.85      0.71        72
          21       0.80      0.76      0.78       141
          22       0.61      0.56      0.58        81
          23       0.69      0.80      0.74       200
          24       0.61      0.63      0.62        90
          25       0.89      0.46      0.61       102
          26       0.71      0.56      0.63        57
          27       0.74      0.47      0.57       122
          28       0.66      0.53      0.59       148
          29       0.69      0.50      0.58        80
          30       0.58      0.24      0.34        46
          31       0.67      0.58      0.62        79
          32       0.71      0.76      0.73        58
          33       0.90      0.58      0.70       148
          34       0.93      0.93      0.93       116
          35       0.66      0.78      0.72       190
          36       0.79      0.68      0.73        93
          37       0.70      0.64      0.67        95
          38       0.70      0.63      0.66       167
          39       0.66      0.50      0.57        82
          40       0.61      0.63      0.62        67
          41       0.86      0.78      0.82        40

    accuracy                           0.66      4224
   macro avg       0.67      0.65      0.65      4224
weighted avg       0.68      0.66      0.66      4224