 [ 57   0   0   4   0   0   4   0   0   0   0   0   0   0   2   0   0   0   0   1   0   3   1   0   0   0   0   2   0   2   0   0   0   1   0   1   0   1   1   0   0]
 [  0 211   1   0   0   0   2   2   1   0   0   0   1   0   0   0   0   0   0   0   1   0   4   0   1   0   2   2   0   0   0   1   1   0   0   1   0   4   2   1   0]
 [  2   4  57   0   3   3   1   6   1   2   2   1   1   0   0   3  20   5   2   0   2   0   0   1   0   0   6   0   0   0   0   1   0   1   6   0   3   1   1   0   0]
 [  0   0   0  43   0   0   0   0   0   0   0   0   0   0   1   0   0   0   0   0   0   0   0   0   0   1   0   2   0   0   0   0   0   0   0   0   0   1   0   0   0]
 [  0   2   9   0  52   2   0   9   6   3   0   0   0   0   0   0   0   0   1   0   0   0   1   1   0   0   3   0   0   0   0   2   0   0   2   0   0   0   0   2   0]
 [  0   1   1   0   2  71   1   2   0   0   1   0   5   1   1   3   1   0   0   0   1   0   0   0   1   0   2   0   0   0   1   0   1   0   7   0   2   0   0   0   0]
 [  9  11   0   2   0   1  64   0   0   0   0   0   0   0   2   0   0   0   0   0   0   8   0   3   0   4   0   6   0   1   0   0   1   2   0   0   0   2   0   0   0]
 [  0   2   3   0   3   3   1  81   2   1   2   2   2   1   2   1   2   0   0   0   0   0   1   0   0   0   4   0   0   0   0   0   0   0   2   0   1   0   0   5   0]
 [  0   2   1   0   0   0   0   5  75   0   1   0   0   0   0   0   1   0   1   0   0   0   2   0   0   0   1   0   0   0   0   1   0   0   1   1   0   0   0   1   0]
 [  0   1   3   0   1   0   0   0   0  46   7   0   1   0   0   1   2   1   4   0   6   0   0   0   0   0   3   0   0   0   0   0   0   0   5   0   0   1   0   1   0]
 [  0   1   2   0   3   3   0   1   0   0  53   0   2   0   0   0   1   4   2   0   0   0   0   0   0   0   0   1   0   0   0   0   0   0   2   0   2   0   0   2   0]
 [  0   0   1   0   2   1   1   2   0   2   0  49   0   0   0   1   1   0   0   0   0   0   0   0   0   0   0   0   0   0   0   0   0   0   3   0   1   0   0   2   0]
 [  1   0   2   0   1   7   0   9   1   2   4   1  15   0   0   3   3   0   0   0   3   0   0   0   0   1   0   0   0   0   0   0   0   0   4   0   2   0   1   2   0]
 [  0   0   0   0   1   0   0   0   0   0   0   0   0 112   0   0   0   0   0   0   0   0   3   0   0   0   0   0   6   0   6   0   2   0   0   0   0   0   0   0   0]
 [  1   2   0   1   0   0   0   2   1   0   1   0   0   9  97   0   0   0   0   0   0   0  15   0   1   0   0   0   0   1   0   0   2   0   0   5   0   1   0   0   0]
 [  0   0   4   0   5   3   0   2   0   7   7   4   0   0   0  33   4   1   2   0   1   0   0   0   0   0   1   0   2   0   0   0   0   0   4   0   1   0   0   1   0]
 [  0   1   3   0   2   1   0   3   1   2   0   0   1   1   0   3  96   2   0   0   1   0   0   0   0   0   1   0   0   0   0   0   2   0  10   0   0   0   0   1   0]
 [  0   1   2   0   1   4   0   1   0   1   6   0   0   0   1   1   7  65   4   0   3   0   0   0   0   0   1   0   0   0   0   0   0   0   8   0   0   0   0   3   0]
 [  0   1   4   0   5   0   0   3   1   2   0   1   1   0   0   2   0   0  33   0   0   0   0   0   0   0   0   0   0   0   0   1   0   0   4   0   0   0   0   1   0]
 [  1   2   0   0   1   0   2   1   1   0   0   0   0   0   1   0   0   0   1  48   0   3   1   0   0   1   0   4   1   0   0   0   1   1   0   0   0   0   4   0   0]
 [  0   0   4   0   1   2   0   0   0   2   3   0   1   0   1   2   4   1   0   0  97   0   0   0   0   0   0   0   0   0   0   0   0   0   7   0   0   0   0   1   0]
 [  1   2   0   0   0   0   6   1   0   0   0   0   0   0   0   0   0   0   0   2   0  34   0   3   0   1   0   0   0   1   0   0   1   1   0   0   1   1   4   0   0]
 [  0   4   0   0   1   0   5   0   1   0   0   0   0  13  10   0   0   0   0   0   0   0 162   0   1   0   0   1   0   0   0   0   0   0   0   3   0   1   1   0   0]
 [  0   3   1   3   1   0   3   1   1   0   1   0   0   0   0   1   0   0   0   0   0   2   5  65   0   0   0   3   1   1   0   0   0   2   0   0   1   3   3   0   0]
 [  2   3   1   2   1   0   1   0   4   1   0   1   0   0   1   0   1   0   1   7   1   4   0   0  49   4   0   0   0   2   0   1   0   0   0   0   0   1   0   0   2]
 [  2   0   1   0   2   0   4   0   0   0   0   0   1   0   2   1   0   0   0   0   0   1   1   1   0  20   0   4   0   1   0   0   0   0   0   0   1   2   3   0   0]
 [  0   2  11   0   5  10   0   6   2   4   4   0   1   0   0   9   6   0   0   0   5   0   0   0   0   0  59   1   0   0   0   0   0   0   8   0   0   0   1   0   0]
 [  5  12   1   2   3   0   4   0   0   3   0   0   0   2   3   0   0   0   0   2   1   2   0   8   1   1   0  78   0   0   0   0   2   1   0   0   0   5   1   0   1]
 [  0   0   0   0   0   0   0   1   0   0   0   1   0  17   3   0   0   0   0   0   0   1   3   0   0   0   0   0  60   0   4   0   1   0   0   6   0   0   0   0   0]
 [  3   1   0   0   4   0   5   0   0   0   0   0   0   0   1   0   0   0   0   1   0   0   0   0   0   1   1   0   0  16   0   0   0   0   0   0   0   1   4   0   0]
 [  0   0   0   0   0   0   0   0   1   0   0   0   0  23   4   0   0   0   0   0   0   1   0   0   0   0   0   0   4   0  46   0   1   0   1   0   0   0   0   0   0]
 [  0   0   3   0   3   0   0   0   1   0   0   4   1   0   0   1   1   0   0   0   0   0   0   0   0   0   0   0   0   0   0  47   0   0   1   0   0   0   0   0   0]
 [  1   1   0   0   3   2   1   1   2   0   0   1   1  15   3   0   1   0   1   0   0   2   3   1   1   0   0   0   9   0   6   0  86   0   0   1   0   1   1   0   0]
 [  0   0   1   2   0   0   0   0   0   0   0   0   0   0   0   0   0   0   0   0   0   0   0   1   0   0   0   2   0   0   0   0   0 112   0   0   1   2   0   0   1]
 [  1   0   7   0   0   5   0   1   0   4   4   1   2   0   0  11  12   0   0   0   6   0   0   0   0   0   1   1   0   0   0   0   0   0 152   0   5   0   0   0   0]
 [  0   4   1   0   1   0   0   2   4   0   1   0   1   6   3   0   0   0   1   0   0   0   8   1   0   0   0   0   6   0   0   0   0   0   0  57   0   4   1   0   0]
 [  0   1   4   0   1   3   0   9   0   0   2   2   0   0   0   2   0   0   0   0   0   0   1   1   0   0   2   0   0   0   0   3   0   0   2   0  53   1   0   1   0]
 [  1   9   2   1   1   0   5   1   0   0   0   0   0   0   0   0   0   0   0   1   0   5   4   6   2   8   0   4   0   0   0   0   0   6   1   1   2  99   2   1   0]
 [  0   4   0   0   2   0   3   0   0   0   0   0   1   0   2   0   0   0   0   3   0   2   1   1   1   0   0   2   0   0   0   1   0   0   4   0   1   6  44   0   0]
 [  0   2   0   0   3   1   0  14   5   2   0   1   0   0   0   0   1   0   0   0   0   0   0   0   0   0   0   0   0   0   0   1   0   0   1   0   4   0   0  30   0]
 [  2   1   0   1   0   0   0   0   0   0   0   0   0   0   0   0   0   0   0   1   0   0   0   0   0   0   0   1   0   0   0   0   0   1   0   0   0   0   0   0  31]