 [ 63   1   1   6   0   0   3   0   0   0   0   0   0   1   1   0   0   0   0   1   0   2   0   1   1   0   0   3   2   1   1   0   3   2   0   0   0   0   0   0   0]
 [  3 194   0   0   0   0   0   2   1   0   0   0   1   1   1   0   0   0   0   1   0   0   4   2   1   2   0   1   0   0   0   0   0   1   0   2   0  11   0   2   0]
 [  0   1  68   0   5   3   1   4   0   0   3   0   1   0   0   3  22   5   1   0   2   0   0   0   1   0   2   0   0   0   0   0   1   0  18   0   2   0   1   0   0]
 [  1   0   0  39   1   0   2   0   0   0   0   0   0   1   0   0   0   0   0   1   0   1   0   0   0   1   0   1   0   1   0   0   0   2   0   0   0   0   1   0   0]
 [  0   0   4   0  44   3   0   7   2   0   0   3   1   0   0   1   0   0   3   0   0   0   0   2   0   0   2   0   0   0   0   4   0   0   1   0   0   0   0   0   0]
 [  0   3   4   0   0  79   0   4   0   1   0   0   2   0   0   6   3   0   0   0   2   0   1   1   0   1   1   0   0   0   0   0   0   0   5   0   2   0   0   1   0]
 [  4   4   0   2   0   0  70   0   0   0   0   0   0   0   6   0   0   0   0   2   0   7   2   4   0   1   0   6   1   3   0   0   0   0   0   0   0   2   3   0   0]
 [  0   2   2   0   6   0   0  75   0   0   0   0   0   2   1   0   1   0   1   0   0   1   1   0   0   0   2   0   0   0   0   0   0   0   3   0   2   0   0   7   0]
 [  0   1   2   0   4   0   0   1  85   0   1   0   1   0   0   0   0   0   0   0   0   0   2   0   1   0   0   0   0   0   0   0   0   0   0   0   0   3   0   5   0]
 [  0   0   3   0   4   2   1   2   0  52   3   0   1   0   0   5   1   4   4   0   3   0   0   0   0   0   0   0   0   0   0   2   0   0   2   0   0   1   0   0   0]
 [  0   0   1   0   1   2   0   0   0   2  66   0   2   0   0   0   0   5   2   0   4   0   1   0   0   0   0   0   0   0   0   0   0   0   4   0   0   0   0   0   0]
 [  0   0   0   0   1   0   0   3   0   0   0  61   0   0   0   0   0   0   1   1   0   0   0   0   0   0   0   0   0   0   0   0   0   0   1   0   0   0   0   2   0]
 [  0   1   3   0   2   3   0   0   0   0   0   0  24   0   2   3   6   0   1   1   0   0   0   0   0   0   0   0   0   0   0   1   1   0   1   0   7   0   0   2   0]
 [  1   1   0   0   0   0   0   2   0   0   0   0   0 100   3   0   0   0   0   0   0   0   2   0   0   0   0   0   2   0   6   0   0   0   0   0   0   0   0   0   0]
 [  0   5   0   0   1   1   0   3   2   0   1   0   1   3 100   0   0   0   0   0   1   0  13   0   0   0   0   1   1   0   2   0   2   0   0   3   0   1   0   0   0]
 [  0   0   2   0   3   1   0   1   0   2   5   0   2   1   0  38   1   1   3   0   1   0   0   0   0   0   2   0   0   0   0   2   0   0   2   0   1   0   0   1   0]
 [  0   0   5   0   0   3   0   3   0   2   0   1   6   0   0   6  82   4   0   0   0   0   1   0   0   0   0   0   0   0   0   0   1   0  12   0   2   0   0   0   0]
 [  0   0   3   0   0   0   0   0   1   2   4   2   0   0   0   0   2  60   1   0   3   0   0   0   0   0   2   1   0   0   0   0   0   0   2   0   0   0   1   3   0]
 [  0   0   4   1   2   3   0   4   0   0   0   2   0   0   0   0   0   1  36   0   1   1   1   0   0   0   0   0   0   0   0   0   0   0   1   0   1   0   0   1   0]
 [  1   3   0   0   0   0   1   0   0   0   0   0   0   0   0   0   0   0   0  61   0   1   0   1   0   0   0   2   0   0   0   0   0   0   0   0   0   0   1   0   1]
 [  0   0   5   0   1   2   0   1   0   1   7   1   0   0   0   1   3   2   0   0 107   0   0   0   0   0   1   0   0   0   0   0   0   0   7   0   1   0   0   1   0]
 [  0   5   1   1   2   0   7   2   0   0   1   0   0   0   2   0   1   0   0   3   0  45   1   3   1   0   0   2   0   0   0   0   0   0   0   0   0   3   1   0   0]
 [  1   9   0   0   2   1   0   1   1   0   0   0   1   2  17   0   0   0   0   1   0   0 159   0   0   1   0   1   0   0   2   0   0   0   0   1   0   0   0   0   0]
 [  0   4   1   1   2   2   1   0   0   0   0   5   0   0   2   0   0   0   1   1   0   0   9  57   0   0   0   1   0   0   1   0   0   0   0   0   2   0   0   0   0]
 [  1   9   0   0   1   0   0   0   2   0   0   1   4   0   0   0   2   0   0   9   3   0   0   0  47   3   0   8   0   0   0   1   0   1   1   0   0   6   0   0   3]
 [  0   1   0   1   0   1   3   0   1   0   0   0   0   0   0   0   0   0   0   0   0   1   3   1   0  32   0   2   0   2   0   0   0   0   3   1   0   4   1   0   0]
 [  0   2   4   0   1  15   0   8   2   2   1   1   1   0   1   5   7   2   0   0   2   0   0   0   0   0  57   0   0   0   0   4   0   0   5   0   1   1   0   0   0]
 [  5  26   1   0   3   1   4   1   0   0   0   0   0   1   3   0   0   0   0   4   0   3   3   6   0   1   0  78   0   0   0   0   0   1   2   0   0   2   3   0   0]
 [  0   1   0   0   3   0   0   1   0   0   0   1   1  20   0   0   0   0   0   1   0   0   2   0   0   0   0   0  40   0   1   0   0   0   0   7   0   1   0   1   0]
 [  2   0   0   4   4   0   4   0   0   0   0   0   0   0   0   0   0   0   0   1   1   6   1   1   0   3   1   2   0  11   0   1   0   0   0   0   0   2   2   0   0]
 [  0   1   0   0   2   0   0   1   0   0   0   0   0  26   1   0   0   0   0   0   0   0   1   0   0   0   0   0   0   0  46   0   1   0   0   0   0   0   0   0   0]
 [  0   0   3   0   2   0   0   2   0   0   0   2   0   0   0   0   0   0   2   0   0   0   0   0   0   0   2   0   0   0   0  44   0   0   0   0   0   0   1   0   0]
 [  1   2   2   0   0   1   0   5   0   1   1   2   0  15   3   0   0   0   0   0   0   0   4   0   0   0   0   2   9   1   9   0  86   0   0   3   0   1   0   0   0]
 [  1   0   0   0   0   0   1   0   0   0   0   0   0   0   2   1   0   0   0   0   0   0   0   0   0   0   0   0   0   0   0   0   0 108   0   0   1   0   2   0   0]
 [  0   0   6   1   2   2   0   2   0   0   4   0   0   1   0   4   2   2   1   0   4   0   0   0   0   0   5   0   0   0   0   0   0   0 149   0   4   0   0   0   1]
 [  0   3   0   0   0   0   0   1   1   0   0   0   1   3   6   0   0   0   0   0   0   0   8   1   0   0   0   1   2   0   0   0   1   0   0  63   0   2   0   0   0]
 [  0   1   3   0   4   1   0   8   1   0   0   4   4   0   0   0   0   0   0   0   0   0   0   1   0   0   0   0   0   0   0   2   0   0   5   0  61   0   0   0   0]
 [  0   9   0   1   2   0   6   0   5   0   0   1   0   0   7   0   0   0   0   0   0   2   8   7   0   0   0   6   1   0   0   0   0   1   0   0   0 106   4   1   0]
 [  1   3   1   0   1   0   3   2   1   0   1   0   0   0   1   0   0   0   0   9   0   4   4   6   0   0   0   0   0   0   0   0   0   0   0   0   0   4  41   0   0]
 [  0   0   4   0   3   0   0   4   2   1   0   3   4   1   0   0   0   0   0   0   0   0   0   0   0   0   0   0   0   0   1   1   0   0   0   0   0   1   0  42   0]
 [  1   0   0   1   0   0   0   0   0   0   0   0   0   0   2   0   0   0   0   2   0   0   0   0   1   0   0   0   0   0   0   0   0   0   1   0   0   1   0   0  31]
